name: ic-lucas-v1-
channels:
  - conda-forge
  - defaults
dependencies:
  - decorator=4.3.0=py_0
  - future=0.17.0=py36_1000
  - hyperopt=0.1.1=py_0
  - networkx=2.2=py_1
  - pymongo=3.7.1=py36h6538335_1000
  - absl-py=0.3.0=py36_0
  - astor=0.7.1=py36_0
  - astroid=2.1.0=py36_0
  - blas=1.0=mkl
  - bleach=1.5.0=py36_0
  - certifi=2018.4.16=py36_0
  - colorama=0.4.1=py36_0
  - cudatoolkit=9.0=1
  - cudnn=7.1.4=cuda9.0_0
  - gast=0.2.0=py36_0
  - graphviz=2.38.0=4
  - grpcio=1.12.1=py36h1a1b453_0
  - h5py=2.8.0=py36h3bdd7fb_0
  - hdf5=1.10.2=hac2f561_1
  - html5lib=0.9999999=py36_0
  - icc_rt=2017.0.4=h97af966_0
  - intel-openmp=2018.0.3=0
  - isort=4.3.4=py36_0
  - keras-applications=1.0.2=py36_0
  - keras-base=2.2.0=py36_0
  - keras-gpu=2.2.0=0
  - keras-preprocessing=1.0.1=py36_0
  - lazy-object-proxy=1.3.1=py36hfa6e2cd_2
  - libprotobuf=3.5.2=he0781b1_0
  - markdown=2.6.11=py36_0
  - mccabe=0.6.1=py36_1
  - mkl=2018.0.3=1
  - mkl_fft=1.0.4=py36h1e22a9b_1
  - mkl_random=1.0.1=py36h77b88f5_1
  - numpy=1.15.0=py36h9fa60d3_0
  - numpy-base=1.15.0=py36h4a99626_0
  - pip=10.0.1=py36_0
  - protobuf=3.5.2=py36h6538335_0
  - pydot=1.2.4=py36_0
  - pylint=2.2.2=py36_0
  - pyparsing=2.2.0=py36_1
  - python=3.6.6=hea74fb7_0
  - pyyaml=3.13=py36hfa6e2cd_0
  - scikit-learn=0.19.1=py36hae9bb9f_0
  - scipy=1.1.0=py36h672f292_0
  - setuptools=39.2.0=py36_0
  - six=1.11.0=py36_1
  - tensorboard=1.8.0=py36he025d50_0
  - tensorflow-gpu=1.8.0=h21ff451_0
  - tensorflow-gpu-base=1.8.0=py36h376609f_0
  - termcolor=1.1.0=py36_1
  - typed-ast=1.1.0=py36hfa6e2cd_0
  - vc=14=h0510ff6_3
  - vs2015_runtime=14.0.25123=3
  - werkzeug=0.14.1=py36_0
  - wheel=0.31.1=py36_0
  - wincertstore=0.2=py36h7fe50ca_0
  - wrapt=1.10.11=py36hfa6e2cd_2
  - yaml=0.1.7=hc54c509_2
  - zlib=1.2.11=h8395fce_2
  - pip:
    - audioread==2.1.6
    - backcall==0.1.0
    - chardet==3.0.4
    - cycler==0.10.0
    - defusedxml==0.5.0
    - entrypoints==0.2.3
    - hyperas==0.4
    - idna==2.8
    - imageio==2.3.0
    - ipykernel==5.1.0
    - ipython==7.0.1
    - ipython-genutils==0.2.0
    - ipywidgets==7.4.2
    - jedi==0.13.1
    - jinja2==2.10
    - joblib==0.12.3
    - jsonschema==2.6.0
    - jupyter==1.0.0
    - jupyter-client==5.2.3
    - jupyter-console==6.0.0
    - jupyter-core==4.4.0
    - keras==2.2.0
    - keras-tqdm==2.0.1
    - kiwisolver==1.0.1
    - librosa==0.6.1
    - llvmlite==0.24.0
    - markupsafe==1.0
    - matplotlib==2.2.2
    - mistune==0.8.4
    - nbconvert==5.4.0
    - nbformat==4.4.0
    - notebook==5.7.0
    - numba==0.39.0
    - opencv-python==3.4.2.17
    - pandas==0.24.1
    - pandocfilters==1.4.2
    - parso==0.3.1
    - pickleshare==0.7.5
    - pillow==5.2.0
    - prometheus-client==0.4.2
    - prompt-toolkit==2.0.6
    - pyaudio==0.2.11
    - pydub==0.22.1
    - pygments==2.2.0
    - python-dateutil==2.7.3
    - python-speech-features==0.6
    - pytz==2018.5
    - pywinpty==0.5.4
    - pyzmq==17.1.2
    - qtconsole==4.4.2
    - requests==2.21.0
    - resampy==0.2.1
    - send2trash==1.5.0
    - simplegeneric==0.8.1
    - tensorflow==1.8.0
    - terminado==0.8.1
    - testpath==0.4.2
    - tornado==5.1.1
    - tqdm==4.25.0
    - traitlets==4.3.2
    - urllib3==1.24.1
    - wcwidth==0.1.7
    - widgetsnbextension==3.4.2
prefix: C:\ProgramData\Anaconda3\envs\ic

